49
0 30 2
0 23 6
0 12 10
0 3 3
0 16 2
0 6 9
1 30 7
1 42 5
2 28 7
2 24 9
2 28 8
2 14 6
2 26 10
2 41 1
3 27 4
3 5 10
3 23 2
3 30 5
3 10 4
4 3 6
4 28 1
4 13 10
5 41 6
5 23 9
5 29 6
6 4 7
6 48 7
6 5 2
7 16 4
7 0 4
8 35 9
8 46 8
9 5 3
9 2 7
9 34 2
10 31 7
10 6 4
10 33 7
10 39 2
10 37 8
11 43 9
11 12 9
11 18 1
11 6 9
11 9 3
11 13 4
12 18 8
12 24 1
13 21 6
13 46 10
13 41 9
13 8 5
13 21 4
13 40 6
14 39 6
14 2 3
14 21 7
14 17 8
15 10 7
15 48 1
16 28 3
16 17 5
16 27 7
16 1 8
16 5 8
16 6 9
17 8 10
17 24 10
18 22 4
18 11 7
18 26 5
18 27 2
18 43 10
18 15 8
19 43 2
19 11 5
19 6 9
19 48 9
19 30 4
20 38 9
20 33 3
20 20 7
20 0 1
20 33 6
20 37 1
21 20 2
21 39 1
21 2 8
21 37 10
22 4 5
22 11 2
22 48 1
23 40 2
23 4 2
23 30 1
23 2 7
23 3 7
23 2 6
24 22 8
24 14 9
25 14 10
25 33 3
25 12 9
25 16 3
26 0 3
26 25 6
26 8 6
26 19 8
27 22 4
27 25 6
28 32 1
28 2 6
28 23 6
28 14 9
29 25 6
29 3 6
29 12 8
30 12 9
30 28 2
30 35 9
30 15 1
31 27 8
31 45 9
31 14 4
31 41 5
32 47 6
32 37 2
32 40 7
32 48 10
33 42 8
33 3 3
33 44 5
34 38 10
34 31 10
34 24 2
35 12 5
35 40 6
36 33 10
36 45 9
36 10 2
36 9 2
36 14 10
36 20 6
37 3 2
37 11 7
37 38 4
37 42 7
38 7 10
38 11 1
38 1 6
38 35 6
39 24 7
39 24 9
39 3 10
39 25 5
39 28 10
39 30 6
40 33 8
40 2 7
40 40 6
40 40 4
40 43 8
41 6 9
41 48 3
41 33 10
41 26 3
42 1 1
42 34 8
42 5 9
42 43 1
42 25 2
43 14 1
43 43 5
43 23 5
44 28 9
44 47 3
44 2 3
45 6 7
45 15 7
45 37 7
46 17 10
46 1 4
46 36 8
46 18 7
47 10 7
47 18 3
48 47 7
48 44 7
48 3 5
48 9 1
