29
0 19 7
0 27 7
0 27 4
0 12 1
1 15 7
1 21 1
1 21 1
1 6 9
2 13 1
2 26 9
2 0 2
2 17 5
2 12 6
3 19 3
3 14 5
3 11 1
3 27 5
3 10 6
3 11 2
4 24 2
4 12 4
4 11 8
4 22 6
4 22 3
5 22 6
5 18 4
6 16 8
6 10 3
6 24 4
6 3 5
7 25 8
7 27 5
7 28 8
7 24 3
7 23 10
8 9 4
8 22 7
8 23 1
8 24 3
8 5 9
9 13 6
9 4 8
9 5 9
9 17 7
9 6 9
9 8 2
10 28 1
10 1 10
10 2 5
10 1 6
10 1 4
10 13 5
11 0 7
11 7 5
12 21 2
12 10 6
13 16 8
13 15 4
13 13 7
13 19 2
13 15 10
14 2 9
14 11 2
14 2 8
15 15 2
15 22 3
15 4 6
16 10 4
16 20 8
16 3 4
16 21 7
16 23 1
17 1 8
17 15 6
17 15 4
17 10 8
17 18 2
18 1 8
18 25 4
18 23 6
18 4 8
19 6 1
19 3 3
19 17 10
19 4 8
19 18 8
19 15 8
20 1 4
20 15 3
20 1 2
21 28 7
21 11 4
21 7 5
21 24 3
22 3 9
22 6 5
22 17 5
23 12 2
23 4 9
24 19 9
24 24 9
25 11 3
25 5 5
25 3 2
25 7 2
25 27 2
26 22 7
26 9 5
26 23 7
27 4 4
27 19 3
27 17 2
27 10 8
27 26 4
28 10 7
28 3 1
28 16 4
28 27 5
28 7 2
