70
0 54 7
0 3 6
0 28 4
0 29 10
0 42 4
0 25 1
1 39 5
1 40 6
2 40 2
2 36 8
2 26 7
2 25 9
3 29 8
3 7 5
3 6 8
3 25 4
3 41 2
4 19 4
4 7 1
5 32 10
5 62 5
5 21 3
5 59 7
6 49 5
6 31 10
6 61 4
6 29 3
7 46 7
7 31 4
7 3 7
7 19 1
7 40 4
7 48 3
8 53 4
8 34 4
9 7 10
9 27 3
9 36 3
9 8 9
9 50 7
9 23 2
10 24 4
10 60 8
11 51 1
11 48 5
11 54 4
11 47 7
12 40 2
12 13 7
12 63 3
12 44 5
12 54 9
13 64 6
13 20 5
14 22 4
14 42 9
14 17 5
15 40 1
15 8 2
15 24 7
15 3 3
15 0 9
15 39 10
16 31 6
16 59 4
16 66 7
16 32 7
17 4 7
17 7 8
17 64 3
17 11 1
18 48 2
18 6 1
18 63 8
18 54 8
18 41 8
18 22 8
19 4 2
19 7 2
20 9 1
20 10 3
21 65 3
21 10 8
21 55 1
22 24 5
22 59 1
22 8 3
22 23 9
22 54 10
23 3 8
23 61 8
23 34 8
23 19 4
24 39 3
24 68 3
24 38 1
24 36 6
24 45 10
24 25 6
25 58 6
25 18 10
25 67 8
25 59 8
25 41 5
26 19 7
26 37 1
26 18 3
26 14 1
26 3 3
27 49 9
27 50 8
27 21 7
28 2 9
28 45 10
28 20 9
29 64 7
29 25 5
29 43 3
30 38 6
30 12 8
30 58 3
31 4 9
31 8 4
31 17 10
32 43 6
32 3 4
32 47 2
32 29 7
32 36 3
32 60 9
33 34 2
33 11 2
33 15 6
33 31 5
33 17 2
34 52 6
34 8 9
34 17 2
34 22 9
34 51 4
34 56 10
35 59 7
35 45 2
35 6 10
35 29 2
35 17 2
36 10 6
36 24 1
37 61 6
37 12 6
37 32 6
38 23 3
38 48 8
38 49 3
38 25 2
38 35 10
39 33 7
39 5 1
39 40 9
40 19 2
40 34 3
40 65 10
40 51 1
40 8 5
41 1 2
41 9 5
41 61 3
41 45 10
41 39 4
41 43 10
42 50 10
42 12 2
42 68 2
42 7 2
43 1 10
43 22 1
43 35 5
44 31 9
44 59 5
44 68 8
45 9 3
45 55 7
45 66 5
45 65 10
45 21 7
46 40 3
46 32 6
46 56 6
47 45 6
47 16 5
47 22 9
48 3 9
48 40 10
48 52 9
48 64 3
48 37 5
48 44 4
49 52 2
49 26 9
49 47 1
50 43 1
50 49 7
50 58 6
51 69 2
51 15 3
51 45 6
51 20 10
52 29 10
52 20 5
53 23 4
53 32 7
53 41 8
53 54 3
53 50 10
54 66 3
54 26 2
54 19 4
55 61 9
55 62 7
55 12 7
56 2 10
56 26 7
56 21 6
57 13 9
57 14 1
57 2 2
57 46 2
58 15 5
58 18 5
58 52 2
58 37 5
58 11 1
59 26 9
59 61 9
59 44 4
60 21 7
60 26 5
60 61 4
60 32 6
60 46 1
60 62 8
61 22 7
61 37 9
61 25 1
61 53 2
62 63 3
62 32 7
62 58 4
63 6 7
63 61 5
64 46 3
64 22 6
64 34 3
65 55 3
65 29 7
65 69 6
65 44 2
66 23 9
66 18 3
66 33 5
66 63 7
66 21 10
66 19 3
67 17 6
67 53 2
67 11 1
67 21 1
68 60 8
68 55 8
69 13 1
69 9 8
69 24 8
69 42 8
69 58 7
69 7 7
