45
0 0 1
0 12 4
1 32 1
1 34 9
1 20 8
1 22 8
2 31 6
2 8 3
3 15 7
3 25 4
3 35 6
3 29 8
4 5 3
4 29 7
4 19 5
4 36 7
5 31 4
5 44 3
5 20 9
6 5 6
6 28 2
6 17 8
7 38 8
7 16 9
7 19 3
8 3 6
8 17 4
8 26 7
8 44 5
8 28 1
9 16 3
9 24 9
10 0 7
10 40 10
11 19 7
11 30 1
11 36 8
11 3 3
12 28 7
12 29 1
12 16 8
12 44 1
12 41 5
12 12 10
13 9 9
13 10 8
14 21 5
14 37 4
14 26 1
15 1 7
15 3 2
15 24 5
16 7 2
16 2 9
17 1 9
17 39 6
18 15 8
18 22 6
19 26 7
19 41 1
19 15 3
19 6 2
19 13 5
20 23 7
20 30 10
20 21 8
20 15 1
20 15 4
20 32 6
21 29 7
21 29 8
21 5 2
21 7 2
21 30 4
21 11 1
22 25 4
22 28 10
23 6 6
23 37 9
24 30 1
24 34 3
24 8 9
24 23 5
24 12 7
25 6 2
25 27 4
26 19 10
26 15 5
26 39 3
26 20 1
27 20 9
27 31 3
27 16 6
27 4 8
27 31 5
27 27 2
28 12 1
28 17 10
28 2 4
28 21 3
28 32 8
28 1 5
29 3 8
29 4 1
29 23 2
29 38 5
30 17 2
30 17 7
31 36 9
31 20 6
31 37 7
31 19 10
32 2 3
32 2 2
33 11 8
33 9 10
34 13 2
34 2 2
34 16 5
34 11 9
34 25 4
34 24 1
35 5 6
35 28 5
35 23 3
36 3 7
36 21 7
36 7 9
36 17 6
36 17 9
37 30 10
37 16 4
37 25 6
38 21 1
38 0 8
38 2 2
38 19 9
38 10 10
38 26 8
39 30 5
39 12 9
39 38 1
39 22 1
39 44 6
39 34 7
40 5 10
40 18 3
40 44 10
41 6 8
41 27 8
41 28 8
41 4 3
41 25 5
41 44 3
42 18 1
42 10 7
43 31 1
43 14 1
43 37 1
43 32 7
44 34 8
44 20 4
44 0 10
44 2 4
44 13 10
44 44 8
