26
0 19 2
0 13 5
0 17 10
0 6 6
1 7 3
1 1 1
1 9 9
1 15 3
1 5 3
2 3 10
2 2 5
3 20 10
3 23 6
3 11 7
3 9 3
4 3 8
4 19 10
4 18 4
5 6 7
5 3 8
6 20 3
6 1 9
6 16 1
7 20 6
7 21 7
7 22 4
7 3 8
8 14 1
8 9 6
8 21 7
8 7 3
8 25 3
8 22 9
9 14 7
9 1 9
9 0 2
9 16 9
9 3 7
9 19 5
10 17 8
10 5 10
10 17 7
10 21 3
10 15 9
10 4 9
11 5 3
11 5 2
12 21 9
12 8 4
12 8 9
13 16 10
13 21 1
13 5 10
13 3 4
14 6 3
14 24 2
14 20 7
15 0 7
15 4 2
15 15 2
15 15 1
16 23 8
16 1 2
16 7 9
17 12 4
17 11 2
18 17 7
18 11 4
18 12 6
18 1 7
19 23 7
19 16 4
19 18 10
20 9 2
20 23 7
21 25 8
21 21 6
21 12 4
21 23 5
21 3 4
22 23 5
22 14 5
23 17 1
23 5 7
23 5 4
23 20 8
24 9 1
24 12 3
24 14 7
24 7 6
24 22 4
24 15 8
25 17 5
25 25 1
25 8 5
25 25 3
25 22 9
25 16 2
