62
0 4 10
0 2 3
0 15 10
0 32 3
0 57 2
1 19 10
1 39 3
1 60 4
1 45 1
1 4 8
1 35 6
2 20 1
2 3 5
2 41 5
2 39 4
2 15 9
3 29 10
3 52 6
3 42 2
3 45 9
4 20 3
4 55 2
4 15 4
4 16 3
4 5 4
5 23 7
5 59 4
5 57 10
6 39 7
6 39 5
6 59 1
6 48 8
6 5 9
7 5 2
7 47 2
7 30 7
7 49 10
7 12 2
8 24 10
8 23 9
9 45 10
9 33 1
9 6 5
10 3 4
10 41 8
10 42 3
11 7 2
11 2 7
12 30 5
12 8 5
12 59 6
12 30 2
12 59 9
13 15 6
13 26 4
13 13 8
14 30 1
14 46 2
14 19 6
14 52 6
15 39 6
15 24 3
15 18 1
15 6 5
15 5 5
16 24 4
16 6 6
17 41 9
17 35 1
17 13 1
17 20 10
17 5 1
18 30 9
18 49 9
18 55 2
18 22 1
18 55 5
19 41 9
19 34 8
19 56 8
19 0 3
19 58 4
20 31 7
20 5 1
21 50 6
21 16 7
21 23 7
21 40 4
21 22 4
21 45 5
22 11 5
22 47 4
22 39 1
22 38 9
22 38 1
22 42 5
23 12 3
23 47 9
23 34 2
23 55 8
24 14 4
24 61 4
24 39 7
24 18 4
24 18 8
24 54 6
25 31 7
25 47 8
25 14 2
26 28 4
26 4 5
26 60 1
26 47 6
26 57 3
26 52 8
27 50 1
27 25 7
28 12 2
28 23 7
28 16 5
28 33 5
28 15 4
28 7 7
29 35 10
29 43 1
29 57 4
29 29 3
29 38 8
29 13 8
30 61 10
30 9 6
30 21 9
30 10 9
30 24 6
30 15 5
31 28 10
31 24 8
31 16 9
31 12 2
31 42 5
31 38 6
32 12 3
32 43 6
32 52 7
33 60 3
33 39 7
33 50 10
34 13 5
34 34 10
34 1 10
34 53 3
34 25 2
34 26 3
35 34 9
35 34 6
35 6 1
36 61 10
36 27 10
36 25 4
36 56 6
37 14 10
37 3 7
38 32 2
38 5 8
39 31 10
39 28 6
40 0 5
40 9 2
40 46 10
40 46 7
41 11 8
41 35 1
42 16 6
42 8 5
42 4 7
42 32 5
42 42 8
43 43 1
43 5 6
43 52 6
43 8 3
44 7 5
44 34 10
44 58 7
44 0 1
44 16 7
44 50 1
45 56 5
45 16 1
45 36 8
45 28 1
46 8 3
46 50 4
46 2 10
47 30 7
47 29 2
48 18 4
48 30 8
48 33 9
48 31 6
49 45 10
49 19 1
49 0 9
49 47 3
49 2 1
49 34 3
50 50 6
50 47 2
50 47 10
50 34 1
50 49 4
50 4 7
51 37 5
51 39 10
52 21 9
52 29 4
53 21 3
53 33 10
54 5 2
54 52 10
54 52 2
54 61 9
55 31 1
55 22 9
55 6 5
55 32 1
55 33 7
56 42 10
56 41 8
56 48 3
57 50 6
57 47 9
57 22 8
58 14 8
58 43 4
58 47 3
59 50 2
59 1 7
59 9 10
59 32 9
59 39 10
60 6 2
60 30 7
61 57 3
61 50 7
