69
0 63 7
0 54 9
0 54 2
0 56 5
0 54 9
0 17 8
1 17 7
1 6 3
1 20 1
2 68 6
2 29 5
2 68 6
3 66 7
3 46 4
4 26 6
4 52 7
4 25 9
4 29 3
5 17 10
5 67 1
5 43 5
6 34 5
6 32 5
6 34 3
6 59 2
6 42 7
6 1 6
7 50 8
7 37 8
7 20 9
7 52 8
7 19 1
7 0 3
8 38 5
8 40 6
8 18 7
8 47 4
9 12 6
9 0 8
9 56 2
9 18 2
10 40 9
10 53 7
10 32 8
10 60 8
11 65 6
11 29 10
11 43 8
11 33 3
11 59 10
11 7 3
12 59 10
12 18 9
12 25 8
13 40 7
13 8 7
13 52 1
13 56 3
13 8 5
14 4 10
14 48 4
14 12 7
14 30 10
14 40 8
15 52 1
15 9 9
16 56 5
16 30 9
16 17 4
16 3 8
17 20 6
17 40 9
17 21 9
17 3 2
17 39 8
18 20 4
18 13 10
18 11 6
18 55 3
18 12 7
19 39 1
19 8 9
19 1 4
20 43 2
20 29 7
21 28 8
21 24 8
21 25 5
22 67 10
22 43 1
22 56 2
22 15 7
22 25 2
22 20 8
23 4 6
23 43 9
24 53 10
24 13 7
24 63 9
24 42 7
24 41 2
25 6 9
25 53 9
25 61 8
25 59 2
26 3 8
26 20 3
26 45 1
27 27 1
27 5 3
27 27 6
28 12 5
28 48 5
28 60 3
28 0 9
28 38 4
28 30 5
29 67 4
29 40 4
29 34 4
29 41 4
29 59 4
30 57 4
30 34 5
30 43 6
31 55 1
31 55 2
32 47 9
32 0 5
32 41 7
33 63 2
33 58 6
33 20 6
33 48 9
33 23 8
34 11 10
34 8 2
34 44 4
34 18 6
34 8 8
35 59 1
35 56 5
35 44 6
36 45 6
36 48 10
37 53 5
37 64 5
37 68 5
37 12 8
38 50 4
38 17 10
38 63 9
38 8 4
38 27 9
39 2 2
39 46 9
39 58 8
39 63 4
39 50 4
39 32 5
40 27 9
40 16 5
40 20 3
40 18 9
40 59 4
40 67 7
41 46 1
41 11 7
41 2 2
41 9 7
41 2 8
41 50 4
42 2 9
42 43 6
42 34 6
42 15 3
42 58 9
43 7 9
43 31 10
43 7 1
43 38 5
43 64 7
43 19 4
44 68 2
44 8 1
44 66 3
44 20 8
45 63 3
45 27 1
45 61 6
45 25 9
45 49 6
46 51 7
46 54 7
46 26 4
47 47 7
47 42 4
47 39 6
47 31 9
47 27 6
48 66 9
48 62 3
48 27 8
48 7 8
48 25 2
49 57 1
49 10 4
49 10 5
50 20 6
50 21 8
50 8 7
50 31 7
50 7 5
50 64 6
51 62 6
51 14 3
52 14 6
52 2 9
52 33 9
52 68 10
52 12 3
53 2 7
53 31 7
54 22 8
54 68 3
54 54 8
54 35 5
54 32 10
54 13 1
55 61 9
55 16 3
55 26 6
55 52 7
56 12 6
56 41 8
56 42 4
56 53 6
57 47 6
57 54 6
57 63 7
57 8 6
58 35 1
58 34 2
58 60 5
59 39 3
59 50 10
59 42 7
59 34 7
59 19 8
60 22 4
60 7 8
60 30 7
60 33 3
60 39 8
61 24 1
61 19 5
61 6 4
62 64 2
62 54 2
62 32 2
63 10 3
63 64 6
63 12 5
63 52 6
64 32 4
64 43 1
65 53 10
65 54 8
65 16 7
65 32 7
66 47 8
66 53 5
66 38 7
66 23 4
66 38 10
66 26 7
67 18 9
67 16 9
67 25 2
68 33 10
68 15 3
68 0 4
68 63 2
