35
0 23 1
0 28 10
0 12 4
0 4 7
0 1 4
0 29 9
1 29 2
1 24 1
1 17 9
1 21 3
1 32 2
2 31 9
2 1 2
2 12 2
2 32 3
2 13 6
3 2 1
3 15 4
3 16 7
4 26 5
4 9 9
4 23 10
4 22 9
5 19 1
5 7 9
5 6 1
6 14 10
6 7 10
6 6 8
7 17 6
7 7 6
7 8 6
8 23 5
8 10 8
8 9 6
9 31 4
9 14 1
9 33 5
10 17 7
10 8 4
11 27 3
11 29 6
11 24 3
12 8 10
12 10 6
13 33 10
13 32 8
14 7 7
14 29 6
14 5 8
14 5 2
14 4 10
15 13 4
15 21 3
15 5 6
15 7 7
15 4 10
16 3 1
16 12 1
16 30 2
17 3 8
17 29 5
17 6 7
17 11 1
18 28 3
18 18 4
18 0 2
18 24 10
18 9 5
18 2 8
19 11 5
19 24 9
19 31 8
20 9 5
20 7 7
20 21 4
20 5 3
20 24 3
20 6 10
21 2 3
21 21 6
21 21 2
21 14 9
21 18 5
21 24 7
22 25 6
22 11 8
22 19 8
22 9 4
22 19 1
23 1 5
23 17 9
23 13 5
24 15 7
24 31 6
24 8 8
24 12 9
24 7 7
25 14 7
25 14 10
25 22 5
25 25 2
25 18 9
25 27 1
26 28 5
26 15 5
26 32 5
27 24 2
27 0 1
27 11 4
27 34 2
27 20 1
27 0 5
28 26 6
28 5 6
28 30 2
29 0 10
29 32 7
30 17 8
30 28 7
30 18 8
30 16 5
30 33 4
30 32 9
31 8 1
31 32 4
31 20 6
31 0 3
32 12 4
32 10 1
32 33 10
32 17 3
33 11 2
33 9 9
33 29 5
33 31 2
33 17 5
33 13 8
34 34 8
34 22 5
34 34 8
34 19 8
34 11 5
