67
0 23 8
0 4 9
1 66 9
1 55 9
1 7 9
1 20 7
2 0 10
2 54 1
3 7 1
3 54 7
3 30 6
3 19 9
3 48 6
3 56 1
4 12 2
4 24 7
5 11 8
5 35 5
6 8 5
6 20 6
6 25 2
6 26 10
6 28 6
6 55 6
7 39 5
7 64 10
8 61 3
8 37 8
9 38 4
9 7 9
9 51 4
10 2 2
10 34 6
10 44 10
11 52 1
11 33 7
11 9 10
12 57 10
12 21 10
12 59 4
12 17 2
13 63 2
13 27 7
13 39 9
13 4 10
13 54 5
14 17 10
14 6 4
14 65 9
15 31 1
15 49 6
15 8 10
16 66 9
16 61 4
16 29 6
16 12 5
16 18 4
17 34 7
17 57 3
17 53 5
18 63 2
18 59 6
18 29 6
18 62 6
18 24 5
19 15 5
19 0 10
20 62 10
20 0 8
20 57 3
20 8 10
20 7 4
21 18 10
21 26 9
22 58 5
22 34 3
22 64 3
22 27 7
22 50 2
22 25 10
23 44 8
23 8 8
23 9 3
23 11 1
23 53 4
24 30 9
24 18 7
24 50 1
24 14 10
24 37 10
24 44 6
25 43 2
25 6 7
25 23 9
26 10 2
26 1 7
26 21 3
26 49 9
27 20 3
27 52 1
27 51 6
27 36 3
28 3 10
28 65 10
29 58 1
29 6 1
29 13 1
29 60 2
30 48 1
30 53 2
30 60 3
31 43 1
31 42 10
31 53 5
31 26 3
31 65 2
31 37 5
32 38 1
32 34 8
32 30 2
32 51 8
32 15 4
33 9 5
33 65 6
33 6 10
33 23 2
33 13 10
34 17 4
34 40 5
35 25 3
35 49 6
35 1 2
35 55 9
35 45 6
36 63 5
36 41 7
36 9 4
37 22 4
37 54 1
38 45 7
38 52 4
38 50 10
38 5 7
39 13 3
39 9 9
39 4 8
39 5 9
39 56 4
39 14 1
40 59 9
40 49 4
40 9 7
40 43 8
40 23 10
40 63 6
41 3 10
41 34 9
41 10 2
41 55 8
41 36 10
42 13 6
42 17 3
43 46 7
43 48 6
44 11 10
44 61 5
44 37 3
44 20 3
44 51 2
44 63 4
45 17 2
45 29 8
45 13 8
45 44 6
45 6 2
45 27 9
46 2 4
46 38 4
47 41 7
47 63 9
47 5 7
47 45 3
47 8 7
48 4 4
48 59 8
48 11 10
48 39 4
48 64 10
48 5 4
49 9 4
49 10 6
49 56 9
49 38 4
49 32 10
50 39 9
50 18 2
50 33 2
50 2 2
50 30 4
50 35 5
51 17 6
51 24 5
51 53 9
52 35 7
52 29 6
53 4 3
53 35 7
53 44 7
53 41 7
54 63 6
54 32 8
54 49 1
54 0 1
54 1 7
55 53 5
55 6 10
55 40 6
55 46 4
56 27 6
56 39 3
56 11 2
56 37 3
57 43 1
57 55 1
57 22 10
57 32 6
57 25 4
57 9 4
58 4 7
58 57 7
58 30 7
58 47 7
59 57 3
59 7 4
59 1 3
59 6 5
60 28 1
60 25 10
60 56 9
60 32 8
61 6 2
61 26 10
61 45 4
61 10 10
61 7 1
61 22 6
62 50 10
62 8 1
62 43 6
63 27 4
63 0 2
63 8 10
63 52 3
64 16 2
64 36 10
64 19 2
64 65 8
64 20 4
64 61 8
65 39 10
65 15 10
65 55 6
65 34 9
66 47 10
66 10 10
66 3 1
66 14 9
66 29 1
