64
0 22 5
0 23 3
0 47 2
0 58 5
0 45 1
1 13 8
1 57 7
1 8 3
1 43 6
1 27 3
1 35 3
2 24 8
2 52 8
3 60 4
3 17 4
4 49 1
4 45 6
4 36 9
4 28 6
4 39 6
5 1 4
5 19 5
5 1 7
5 41 5
5 9 3
5 60 9
6 3 6
6 25 5
7 18 4
7 24 7
7 10 3
7 30 6
7 32 9
7 12 6
8 14 2
8 14 9
8 44 2
8 35 9
8 6 10
8 12 3
9 15 9
9 1 7
10 19 10
10 53 4
10 59 8
10 43 3
10 25 6
10 45 6
11 59 7
11 37 2
11 50 1
11 25 9
11 40 9
11 14 7
12 29 7
12 13 6
12 27 9
12 34 2
12 45 3
13 25 7
13 36 5
14 63 2
14 38 2
15 28 2
15 18 2
16 58 10
16 7 1
16 38 9
16 1 2
16 22 5
16 20 3
17 1 7
17 56 3
18 28 8
18 0 2
18 26 2
18 32 1
18 3 6
19 56 7
19 22 8
20 24 10
20 59 6
21 17 1
21 63 7
21 35 9
21 32 6
21 27 8
22 42 1
22 18 1
22 29 9
23 32 6
23 42 7
24 0 4
24 48 3
24 33 5
25 12 8
25 40 4
26 11 4
26 40 4
26 38 8
26 30 7
26 19 4
27 48 2
27 34 9
27 45 1
27 40 1
27 12 1
28 37 6
28 35 4
28 63 3
28 63 1
28 40 3
28 21 7
29 60 6
29 16 9
29 1 10
29 33 6
30 3 7
30 17 1
30 42 1
30 28 3
31 1 10
31 50 7
31 46 9
32 56 7
32 34 1
32 10 4
33 56 10
33 22 8
33 36 10
33 42 2
34 44 3
34 11 2
34 50 2
34 19 6
34 41 8
34 51 4
35 6 6
35 42 1
35 59 3
35 11 5
35 2 10
36 24 7
36 22 9
36 38 6
36 11 10
36 58 1
36 42 7
37 61 3
37 38 7
37 33 1
38 39 8
38 28 3
39 20 10
39 10 1
39 54 9
39 46 5
39 19 7
40 50 8
40 43 1
40 31 10
40 25 10
40 19 2
40 3 6
41 43 8
41 16 7
41 33 3
41 40 6
41 43 10
42 33 8
42 58 6
42 2 5
42 43 2
43 23 4
43 33 9
43 58 1
43 63 6
44 19 5
44 45 3
44 58 7
44 58 9
44 2 10
45 53 8
45 62 10
45 53 2
46 45 3
46 28 2
46 19 1
47 0 3
47 15 8
47 58 2
48 36 2
48 43 1
48 25 2
48 16 2
49 45 6
49 15 8
50 4 9
50 29 5
50 56 5
51 12 5
51 50 7
52 2 6
52 42 6
52 30 1
53 9 3
53 43 9
53 60 2
53 2 8
53 24 3
54 14 7
54 16 2
54 8 10
55 42 4
55 29 9
56 14 1
56 44 5
56 50 9
57 4 6
57 51 7
57 1 5
57 55 9
58 15 1
58 46 8
58 44 5
59 53 4
59 46 10
59 28 6
59 59 10
59 25 3
60 18 1
60 52 8
60 16 5
60 12 7
60 9 1
61 13 5
61 6 2
62 35 1
62 2 3
62 5 5
62 26 3
62 38 6
62 31 5
63 57 5
63 17 6
63 2 9
63 22 9
63 54 3
63 20 10
