0 9.0909090909e-02
1 8.3094555874e-02
2 9.5394736842e-02
3 8.8145896657e-02
4 8.8685015291e-02
5 1.0740740741e-01
6 9.7972972973e-02
7 1.2083333333e-01
8 7.3417721519e-02
9 1.1836734694e-01
10 1.0247349823e-01
11 7.0388349515e-02
12 8.1690140845e-02
13 8.2621082621e-02
14 1.1553784861e-01
15 8.1232492997e-02
16 1.1328125000e-01
17 8.5798816568e-02
18 1.0175438596e-01
19 8.4302325581e-02
20 9.0342679128e-02
21 7.1960297767e-02
22 9.5081967213e-02
23 8.7613293051e-02
24 8.4057971014e-02
25 7.8804347826e-02
26 7.5520833333e-02
27 1.2446351931e-01
28 1.0545454545e-01
29 9.0909090909e-02
