46
0 26 2
0 42 3
1 5 6
1 41 5
1 23 10
1 43 5
2 38 4
2 28 8
2 22 7
3 4 1
3 5 8
3 2 10
3 45 4
3 18 9
3 12 5
4 13 8
4 29 6
4 2 5
4 22 5
4 38 3
4 19 7
5 11 10
5 26 2
5 39 5
5 13 4
6 30 4
6 39 3
6 43 1
6 23 10
6 36 1
7 40 4
7 36 9
7 28 1
7 18 5
7 13 8
7 4 1
8 4 1
8 12 2
8 14 8
8 28 2
9 38 9
9 45 4
9 13 7
9 1 3
9 23 3
10 43 3
10 26 7
10 38 6
10 7 7
10 25 5
11 44 4
11 42 6
12 23 2
12 35 3
13 41 8
13 43 2
13 24 10
13 18 2
13 27 9
14 7 6
14 3 6
15 43 4
15 2 9
16 44 10
16 40 10
16 13 1
16 27 7
16 35 5
16 29 9
17 43 6
17 31 1
17 3 4
17 6 10
17 40 6
17 29 3
18 34 9
18 32 8
19 31 1
19 6 2
20 2 9
20 44 10
20 18 7
20 27 4
20 37 7
20 45 7
21 2 4
21 18 2
21 23 8
22 34 5
22 9 5
22 6 6
22 36 1
22 30 7
22 33 8
23 32 1
23 30 6
23 20 9
23 38 1
24 38 2
24 33 6
24 23 1
25 3 5
25 19 5
25 11 9
25 29 9
25 42 3
26 3 6
26 15 3
26 38 2
26 19 5
27 41 8
27 40 6
28 32 3
28 34 1
28 5 4
28 2 6
28 4 1
29 37 6
29 28 6
29 7 10
30 9 6
30 34 8
30 26 9
30 41 7
30 39 8
31 0 4
31 38 8
31 11 4
31 13 8
31 35 2
31 4 10
32 35 5
32 8 7
33 41 5
33 36 8
33 12 6
33 5 2
34 41 10
34 16 3
34 45 1
34 38 2
34 0 4
35 25 7
35 3 8
35 45 9
35 22 3
35 26 7
36 8 9
36 11 7
36 45 10
36 0 5
36 25 1
37 13 9
37 19 7
37 25 2
38 31 3
38 45 3
39 45 2
39 25 4
39 42 6
40 29 9
40 0 2
40 37 3
41 33 3
41 3 8
42 39 10
42 29 1
43 28 8
43 31 4
43 13 10
43 4 7
43 19 6
43 40 1
44 27 9
44 32 8
44 15 6
44 4 4
44 19 1
45 16 6
45 33 6
45 30 6
45 9 1
45 32 8
