49
0 11 2
0 42 1
0 19 8
0 31 2
0 24 2
1 33 2
1 47 9
1 8 5
1 32 10
2 11 10
2 45 7
2 17 1
2 40 6
2 35 10
2 5 8
3 35 5
3 36 4
3 37 7
3 41 9
3 13 10
3 20 7
4 29 9
4 42 10
4 0 8
4 48 2
4 46 8
5 12 4
5 30 2
5 48 10
5 24 4
5 3 3
6 29 7
6 45 8
6 41 6
6 22 9
6 46 4
6 19 7
7 26 5
7 41 6
7 36 2
7 35 10
7 28 9
8 40 1
8 7 5
8 45 3
9 44 7
9 18 4
9 32 3
10 22 10
10 44 6
10 23 6
10 34 5
10 25 1
10 45 9
11 19 9
11 35 3
11 30 2
11 2 4
11 18 3
12 46 5
12 22 9
12 30 5
13 41 1
13 39 10
13 48 4
14 47 2
14 30 1
14 7 5
15 24 4
15 19 8
15 36 3
15 43 6
16 39 4
16 8 2
16 48 2
17 42 4
17 32 2
17 14 1
17 47 5
17 30 10
18 24 5
18 13 8
18 33 1
18 28 1
18 29 1
18 6 8
19 6 5
19 35 10
19 32 10
19 30 1
19 48 7
19 26 9
20 13 2
20 39 1
20 0 6
20 1 3
21 19 10
21 27 5
21 41 5
22 29 8
22 10 6
23 9 7
23 0 5
23 32 9
23 44 4
23 36 1
24 21 8
24 32 6
24 12 5
24 1 7
24 36 7
24 44 10
25 20 6
25 6 5
25 11 10
25 1 7
25 18 7
25 48 10
26 20 3
26 39 9
26 16 8
27 14 5
27 23 1
27 42 8
27 36 10
27 20 10
28 23 8
28 40 10
28 36 3
28 10 8
29 16 10
29 48 4
29 23 2
29 7 4
29 44 8
30 27 8
30 47 2
30 11 3
30 4 7
30 12 1
30 19 3
31 48 9
31 11 2
32 30 9
32 40 3
32 48 6
32 44 5
33 4 1
33 11 4
33 5 10
34 0 3
34 36 7
35 46 2
35 16 9
35 39 8
35 14 4
35 26 4
36 17 5
36 15 6
36 48 8
37 12 8
37 28 6
37 10 5
37 17 6
37 46 4
37 34 9
38 43 6
38 40 6
38 45 4
38 29 5
38 31 6
39 6 4
39 40 9
39 1 8
40 29 9
40 1 6
40 4 8
40 46 3
40 25 6
40 2 1
41 36 5
41 44 5
42 20 10
42 28 10
43 21 2
43 23 6
43 1 8
43 34 1
43 24 8
44 33 1
44 8 5
44 7 8
44 32 1
44 23 9
44 38 6
45 19 10
45 21 3
45 27 7
45 39 9
45 31 5
45 2 5
46 24 6
46 18 1
46 19 9
47 24 9
47 48 7
47 5 7
47 35 4
47 26 5
47 30 4
48 38 10
48 2 8
48 37 2
48 8 2
48 31 2
