45
0 41 3
0 5 5
0 22 1
0 2 6
0 19 10
1 20 3
1 39 1
2 12 4
2 42 8
2 10 4
3 37 6
3 43 6
4 19 4
4 36 10
4 24 10
4 22 10
4 30 10
5 44 1
5 0 4
5 43 5
5 24 6
6 7 10
6 20 9
6 38 6
7 1 7
7 31 8
8 16 7
8 7 1
8 26 10
8 1 6
8 44 6
9 0 3
9 40 8
9 31 2
9 19 4
10 18 1
10 4 8
10 5 5
10 40 3
10 9 8
11 9 1
11 15 10
11 16 8
12 30 4
12 7 2
12 8 9
12 3 6
12 17 7
13 12 4
13 21 5
13 18 5
14 0 6
14 41 4
14 39 6
14 24 9
14 40 8
15 40 3
15 17 9
15 34 6
15 37 7
15 38 2
15 23 2
16 22 2
16 38 1
16 5 10
16 35 10
16 39 6
16 4 8
17 44 2
17 35 4
17 33 4
17 8 2
17 10 7
17 40 8
18 41 9
18 20 1
18 30 6
18 15 3
19 15 4
19 10 8
19 24 5
19 41 7
19 42 8
20 10 5
20 7 10
21 10 10
21 23 10
21 20 8
21 40 6
21 37 1
22 5 1
22 44 8
23 8 5
23 6 9
23 24 2
23 43 4
23 28 8
23 37 7
24 18 2
24 16 1
24 42 3
24 19 1
25 5 10
25 3 5
25 9 10
25 0 7
25 24 6
25 43 1
26 34 2
26 3 8
27 13 5
27 29 1
27 30 4
27 2 2
27 11 3
27 0 9
28 9 2
28 26 10
28 43 1
28 14 10
29 17 1
29 34 5
29 2 1
29 14 6
29 27 3
30 44 2
30 32 2
31 24 3
31 17 2
31 7 3
31 10 9
31 16 7
32 10 1
32 14 8
32 25 4
32 24 5
32 27 4
32 22 9
33 20 3
33 11 9
33 29 8
33 39 7
33 44 3
33 24 4
34 21 2
34 16 2
34 35 6
34 28 1
34 7 4
34 33 2
35 20 7
35 29 7
35 13 2
36 7 2
36 18 5
36 34 4
36 33 10
37 43 1
37 11 4
37 14 6
37 34 1
38 24 7
38 8 8
38 13 7
38 33 10
39 26 1
39 35 7
39 7 3
39 17 9
40 32 5
40 38 8
40 26 7
41 13 9
41 16 10
41 33 3
41 12 4
41 38 2
42 9 6
42 17 10
42 21 5
42 18 3
43 18 7
43 27 4
43 35 5
43 28 5
44 27 4
44 10 7
