27
0 21 9
0 16 7
0 9 2
0 12 1
0 11 3
0 25 3
1 8 5
1 11 4
1 18 5
1 24 7
1 19 6
2 12 6
2 3 1
2 24 4
2 9 5
2 25 6
2 16 1
3 22 1
3 4 1
3 17 5
3 1 8
3 8 1
3 6 6
4 7 9
4 5 4
4 17 2
4 1 1
5 22 10
5 11 1
5 10 8
5 20 3
5 0 1
6 17 10
6 12 3
6 8 6
6 24 3
7 23 7
7 19 2
8 19 1
8 4 7
8 21 1
8 20 8
9 21 8
9 4 6
9 14 5
9 18 10
10 26 8
10 7 1
10 21 9
10 15 5
10 0 10
10 2 3
11 24 6
11 22 9
11 3 10
11 18 7
11 14 4
12 25 8
12 1 1
12 17 9
12 24 5
12 7 4
12 26 8
13 23 1
13 6 2
13 9 5
14 0 3
14 15 5
14 18 5
14 4 4
14 19 9
15 11 6
15 13 4
15 2 1
15 16 1
15 8 4
15 4 2
16 7 3
16 22 10
16 20 8
16 0 9
16 15 1
17 22 1
17 24 1
17 20 1
17 11 1
17 14 3
18 17 6
18 9 8
19 26 2
19 11 9
19 18 2
20 6 3
20 1 7
20 13 9
21 26 3
21 22 8
22 24 9
22 18 3
22 21 8
23 19 7
23 8 1
23 15 9
23 22 9
23 6 9
24 23 8
24 4 10
24 18 3
25 17 8
25 3 2
26 0 8
26 19 7
26 14 9
26 2 5
26 15 9
