69
0 48 3
0 42 5
0 34 1
1 8 3
1 47 2
2 19 9
2 13 5
2 58 5
2 48 1
2 34 5
2 28 1
3 25 3
3 54 10
3 27 4
4 46 6
4 48 1
4 42 5
4 68 8
4 16 2
4 1 8
5 10 9
5 50 4
5 28 3
5 26 5
6 43 10
6 23 8
6 46 6
6 50 5
6 32 9
7 53 10
7 64 5
7 6 2
7 25 5
7 49 6
7 20 6
8 53 6
8 30 7
8 12 1
8 65 3
8 42 9
8 14 3
9 58 8
9 6 4
9 23 8
9 46 1
10 29 7
10 18 4
10 64 5
10 46 4
10 27 5
10 41 6
11 0 5
11 56 9
11 37 10
11 14 6
12 25 9
12 52 3
12 24 1
13 60 10
13 15 4
13 55 6
13 20 2
14 61 5
14 28 4
14 41 4
14 8 9
14 50 1
14 45 7
15 22 2
15 36 9
15 60 4
15 9 1
16 23 9
16 60 9
16 14 6
16 13 2
16 40 3
16 27 6
17 52 6
17 59 8
17 12 7
18 67 7
18 1 10
18 29 6
18 46 2
18 7 4
18 25 5
19 41 8
19 49 1
19 15 6
19 62 6
20 21 9
20 27 1
20 18 6
20 53 2
20 60 3
21 24 3
21 49 9
21 55 1
21 8 5
22 50 9
22 3 10
22 65 8
22 18 2
22 61 6
22 54 1
23 8 6
23 12 2
23 26 1
23 64 3
23 47 7
23 55 6
24 29 6
24 53 10
24 18 6
24 35 8
24 37 3
24 67 5
25 31 3
25 65 9
25 49 8
25 40 3
25 46 6
25 14 1
26 49 4
26 24 3
26 30 1
26 5 9
26 53 8
26 52 8
27 46 4
27 47 6
27 12 2
27 4 5
27 3 3
28 2 10
28 63 9
28 58 8
29 7 1
29 44 6
29 40 3
29 53 2
29 4 8
29 54 5
30 46 1
30 20 10
30 50 1
31 40 1
31 35 4
31 16 7
31 58 5
32 56 9
32 31 7
32 12 4
32 66 4
32 25 3
33 10 5
33 3 3
33 35 8
33 1 5
33 11 7
34 59 10
34 1 9
34 18 10
34 47 6
34 6 3
34 13 2
35 58 8
35 22 9
36 12 4
36 9 5
36 34 1
36 65 6
37 39 7
37 28 6
37 54 4
38 45 2
38 5 5
38 14 5
38 2 7
38 0 2
38 37 4
39 53 2
39 66 9
40 59 6
40 33 5
40 3 6
40 5 5
41 15 7
41 49 2
41 38 10
42 65 1
42 25 9
42 4 5
42 26 1
43 65 6
43 21 2
43 8 9
44 23 7
44 42 7
44 31 8
44 67 1
45 2 1
45 16 9
45 57 10
45 9 9
45 27 5
46 60 4
46 31 3
47 7 5
47 13 5
47 28 4
47 46 9
47 20 10
48 47 10
48 11 3
48 32 1
48 60 7
48 10 1
49 22 1
49 64 2
49 36 3
49 34 8
49 51 10
49 43 1
50 47 8
50 15 5
51 26 5
51 52 5
51 11 5
51 46 5
51 32 5
52 53 6
52 0 6
52 1 8
52 27 2
52 8 5
52 17 2
53 58 1
53 54 8
53 7 8
53 37 1
54 48 6
54 50 3
54 59 3
54 4 3
54 16 3
55 56 10
55 39 2
55 15 10
55 34 8
56 18 8
56 29 4
56 27 4
56 38 1
56 5 9
57 30 3
57 5 7
57 68 4
57 8 6
57 12 2
57 20 10
58 45 2
58 52 6
58 30 8
58 11 3
59 17 8
59 36 5
60 62 4
60 5 6
60 24 9
60 46 4
60 2 1
61 27 3
61 26 1
61 54 4
61 53 10
61 39 4
61 34 2
62 68 3
62 2 1
62 16 10
62 54 3
63 45 6
63 9 7
63 55 3
63 62 2
63 22 4
63 47 5
64 30 4
64 25 9
65 53 2
65 66 2
66 8 7
66 6 6
66 30 9
67 37 9
67 53 4
67 5 9
68 64 2
68 2 7
