30
0 13 4
0 7 1
1 15 10
1 21 8
1 13 4
2 6 4
2 13 8
2 8 6
2 28 9
2 24 2
2 18 6
3 9 10
3 22 3
3 4 5
3 2 6
4 0 9
4 5 5
4 24 4
4 25 3
4 23 7
4 1 5
5 2 9
5 25 2
5 24 10
5 3 3
5 15 5
5 17 8
6 3 10
6 25 3
6 28 4
6 14 7
6 20 7
7 25 6
7 13 5
7 20 6
7 18 3
8 6 5
8 13 10
8 20 9
8 10 5
9 11 3
9 20 2
10 17 4
10 1 2
10 23 4
11 8 2
11 17 7
11 25 9
12 3 2
12 27 9
12 18 5
12 21 8
12 4 1
12 24 7
13 25 5
13 29 5
13 26 3
13 11 2
14 29 7
14 11 7
14 2 4
14 1 3
14 23 8
15 13 9
15 29 8
15 27 3
16 24 9
16 14 7
16 21 9
16 23 3
17 19 10
17 11 5
17 18 4
18 23 1
18 29 8
18 11 6
18 26 5
18 20 8
19 9 3
19 16 7
19 7 10
19 24 3
19 1 7
19 22 1
20 5 3
20 26 7
20 0 5
20 13 5
21 29 1
21 9 8
21 10 9
22 3 3
22 27 7
22 12 2
22 18 4
22 17 2
22 7 1
23 24 6
23 14 1
23 11 5
24 20 9
24 25 8
24 3 5
24 4 4
24 21 9
24 18 2
25 11 4
25 19 2
25 29 9
25 23 1
25 7 7
26 29 5
26 21 5
26 9 7
26 5 7
26 17 10
26 15 4
27 12 10
27 0 4
27 16 4
27 4 9
27 28 7
27 15 8
28 27 8
28 18 9
28 0 7
29 13 7
29 28 8
